images/oranges0000.jpg 1 392 62 288 248
images/oranges0001.jpg 1 68 100 415 368
images/oranges0002.jpg 1 390 135 256 257
images/oranges0003.jpg 1 131 49 267 267
images/oranges0004.jpg 3 165 107 205 188 504 91 210 204 351 381 195 199
images/oranges0005.jpg 0
images/oranges0006.jpg 1 168 82 397 383
images/oranges0007.jpg 2 96 26 226 212 409 24 213 213
images/oranges0008.jpg 1 166 3 427 346
images/oranges0009.jpg 5 489 141 137 137 447 348 154 138 62 298 140 153 119 221 149 137 170 383 142 160
images/oranges0010.jpg 2 350 239 371 366 5 82 278 288
images/oranges0011.jpg 1 489 198 159 167
images/oranges0012.jpg 1 259 189 183 153
images/oranges0013.jpg 1 230 231 235 266
images/oranges0014.jpg 1 473 149 166 157
images/oranges0015.jpg 2 430 182 228 226 240 74 241 214
images/oranges0016.jpg 1 270 199 213 199
images/oranges0017.jpg 3 324 104 65 68 449 106 61 61 92 140 68 68
images/oranges0018.jpg 5 271 33 236 222 378 211 200 198 375 408 203 182 162 386 214 201 190 188 184 204
images/oranges0019.jpg 1 334 254 205 206
images/oranges0020.jpg 2 29 177 152 154 548 274 159 156
images/oranges0021.jpg 1 422 94 218 205
images/oranges0022.jpg 1 163 114 329 331
images/oranges0023.jpg 1 391 326 249 227
images/oranges0024.jpg 1 157 43 380 382
images/oranges0025.jpg 1 305 219 184 170
images/oranges0026.jpg 1 258 245 180 158
images/oranges0027.jpg 3 303 281 103 94 559 242 97 104 141 295 106 98
images/oranges0028.jpg 3 331 173 140 126 569 313 136 132 6 140 116 125
